0
0
0
0
0
0
427
431
15581
15581
15989
15989
16399
16399
16399
16399
16399
16399
16399
16399
16399
16399
16399
16399
16399
16399
16399
16399
16399
16399
16399
16399
74997
74997
74997
74997
74997
74997
74997
74997
44481
44481
44481
44481
44481
44481
44481
44481
44481
44481
44481
44481
44481
44481
44481
44481
44481
44481
44481
44481
44481
44481
44481
44481
44481
44481
44481
44481
44481
44481
44481
44481
44481
44481
44481
44481
44481
44481
44481
44481
44481
44481
44481
44481
44481
44481
44481
44481
0
0
0
0
0
0
0
0
0
0
0
0
0
0
0
0
0
0
0
0
0
0
0
0
0
0
0
0
2
15885
15885
16295
16295
16295
16295
16295
16295
16295
16295
45669
74967
74967
74967
74967
74977
74977
74977
74977
74977
74977
74977
74977
74977
74977
74977
74977
74977
74977
74977
74977
74977
74977
74977
74977
74977
74977
74977
0
0
0
0
0
0
0
0
0
0
0
0
0
0
0
0
0
0
0
0
0
0
533
15989
15989
16399
16399
16399
16399
16399
16399
16399
16399
16399
74997
74997
74997
74997
44481
44481
44481
44481
44481
44481
44481
44481
44481
44481
44481
44481
44481
44481
44481
44481
44481
44481
44481
44481
44481
44481
44481
44485
44491
44497
44503
44509
44515
44519
44525
44531
44537
44543
44549
44555
44561
44567
44573
44579
44583
44583
44583
44583
44583
44583
44583
44583
44583
44583
44583
44583
44583
44583
44583
44583
44583
44483
0
0
0
0
0
0
0
0
0
0
0
0
0
0
0
0
0
0
0
0
0
0
0
0
0
0
0
0
0
0
0
0
0
0
0
0
0
0
